((((M_caprae:0.00000,(M_canettii:0.00027,M_africanu:0.00003):0.00003):0.00000,
M_bovis:0.00006):0.00000,M_tubercul:0.04848):0.00000,
M_microti:0.00055,M_sp.:0.00000);
